10 50
00000000000011111111111110000000000001111111111111
00000000000010000000001111111111000000011111111101
00000000000010000000000000000001000000011000111111
00000000000010000000000000000001000000011000111111
00000000000010000000000000000001000010011000111001
00000000000010000000000000000001000010011000111111
00000000000010000000000000000001000010011000010001
00000000000010000000000000000001000010011111111111
00000000000010111111111111111111111111111111110001
00000000000010111111111111111111000011111111111111